-6.030393 -3.046108 1.635582
-6.030393 -3.046108 1.635582
-5.790018 -3.035679 1.635547
-5.782491 -3.035352 1.635703
-5.674415 -3.030458 1.635547
-5.674415 -3.030458 1.635547
-5.617073 -3.018082 1.635822
-5.617073 -3.018082 1.635822
-5.517280 -2.997618 1.635527
-5.363051 -2.932904 1.635162
-5.249305 -2.883744 1.635558
-5.121330 -2.788506 1.635471
-5.121330 -2.788506 1.635471
-5.109991 -2.769717 1.635597
-4.915898 -2.476934 1.635579
-4.915898 -2.476934 1.635579
-4.909745 -2.467320 1.635597
-4.673085 -1.952732 1.635076
-4.630098 -1.826627 1.635832
-4.630098 -1.826627 1.635832
-4.582778 -1.590700 1.635557
-4.577680 -1.339333 1.635160
-4.577680 -1.339333 1.635160
-4.559630 -0.867197 1.635105
-4.549243 -0.684372 1.635598
-4.531900 -0.588756 1.635572
-4.531900 -0.588756 1.635572
-4.495990 -0.475739 1.635557
-4.467978 -0.411691 1.635564
-4.395153 -0.315038 1.635542
-4.395153 -0.315038 1.635542
-4.387008 -0.307266 1.635616
-4.203186 -0.157142 1.635598
-4.190846 -0.152574 1.635554
-4.048259 -0.090517 1.635582
-4.048259 -0.090517 1.635582
-3.922321 -0.075406 1.635226
-3.922321 -0.075406 1.635226
-3.783101 -0.071739 1.635983
-3.586025 -0.093274 1.635602
-3.338073 -0.172321 1.635265
-3.137911 -0.242759 1.635612
-3.137911 -0.242759 1.635612
-2.878021 -0.424409 1.635490
-2.836828 -0.506776 1.635507
-2.836828 -0.506776 1.635507
-2.833670 -0.522368 1.635746
-2.748613 -0.760163 1.635614
-2.748857 -0.775624 1.635811
-2.698275 -1.010781 1.635598
-2.698275 -1.010781 1.635598
-2.700743 -1.025966 1.635569
-2.688908 -1.651304 1.635253
-2.686273 -1.789225 1.635597
-2.680189 -1.845520 1.635789
-2.680189 -1.845520 1.635789
-2.600607 -2.467541 1.635646
-2.600607 -2.467541 1.635646
-2.602553 -2.510743 1.635781
-2.598255 -3.234974 1.635189
-2.595748 -3.619223 1.636216
-2.592404 -4.106346 1.635427
-2.592404 -4.106346 1.635427
-2.589452 -4.533198 1.635732
-2.587398 -4.829674 1.635577
-2.582157 -4.885033 1.635671
-2.509431 -5.388500 1.635804
-2.509431 -5.388500 1.635804
-2.457926 -5.747877 1.635351
-2.403052 -6.131582 1.635561
-2.403052 -6.131582 1.635561
-2.365855 -6.375432 1.635592
-2.315190 -6.539872 1.635591
-2.244466 -6.676503 1.635263
-2.177341 -6.809594 1.635619
-2.177341 -6.809594 1.635619
-1.967078 -7.106084 1.635652
-1.967078 -7.106084 1.635652
-1.817097 -7.244884 1.635433
-1.783132 -7.266773 1.635597
-1.540256 -7.388920 1.635347
-1.485710 -7.415444 1.635606
-1.485710 -7.415444 1.635606
-1.428230 -7.421869 1.635468
-1.397585 -7.425100 1.635595
-1.353498 -7.408778 1.635671
-1.092648 -7.324037 1.635660
-1.092648 -7.324037 1.635660
-1.080033 -7.308744 1.635893
-0.737082 -7.036473 1.635653
-0.737082 -7.036473 1.635653
-0.673522 -6.902994 1.635483
-0.488271 -6.565700 1.635699
-0.489447 -6.543169 1.635981
-0.489447 -6.543169 1.635981
-0.479901 -6.334343 1.635619
-0.558809 -6.081846 1.635267
-0.587085 -6.001968 1.635630
-0.587085 -6.001968 1.635630
-0.633167 -5.948100 1.635861
-0.738384 -5.817292 1.635648
-0.887054 -5.734704 1.635329
-0.887054 -5.734704 1.635329
-0.948373 -5.701011 1.635612
-1.180690 -5.628039 1.635466
-1.180690 -5.628039 1.635466
-1.293464 -5.594017 1.635642
-1.576615 -5.524097 1.635459
-1.576615 -5.524097 1.635459
-2.056464 -5.397117 1.635676
-2.186718 -5.287121 1.635473
-2.359445 -5.152726 1.635675
-2.365778 -5.141379 1.635621
-2.365778 -5.141379 1.635621
-2.434965 -5.003884 1.635654
-2.434965 -5.003884 1.635654
-2.432707 -4.996817 1.635621
-2.431990 -4.995005 1.635619
