-5.785100 -3.035466 1.635526 0.043405
-5.617073 -3.018082 1.555822 0.143190
-5.517280 -2.997618 1.455527 0.390776
-5.258712 -2.890118 1.355563 0.457794
-5.109209 -2.776775 1.255560 0.976507
-4.911888 -2.470721 1.205539 0.989918
-4.850478 -2.338142 1.205753 1.030615
-4.628314 -1.851921 1.205666 1.307846
-4.585301 -1.566466 1.305618 1.526262
-4.571788 -1.175859 1.355882 1.519643
-4.549243 -0.684372 1.505598 1.439911
-4.531900 -0.588756 1.655572 1.305270
-4.495990 -0.475739 1.705557 1.184018
-4.442430 -0.379962 1.855419 0.956702
-4.390233 -0.308442 1.905570 0.687416
-4.203186 -0.157142 2.005598 0.684133
-4.190846 -0.152574 2.055554 0.418196
-4.041243 -0.093702 2.155567 0.175653
-3.831114 -0.063942 2.205576 -0.093543
-3.609495 -0.089184 2.205470 -0.098280
-3.338073 -0.172321 2.155265 -0.296834
-3.055393 -0.306086 2.055924 -0.463195
-2.860346 -0.448419 1.905619 -0.936066
-2.831663 -0.518447 1.805575 -1.222218
-2.776983 -0.681594 1.705198 -1.260926
-2.748273 -0.768936 1.675588 -1.355092
-2.719207 -0.914275 1.635238 -1.374240
-2.698280 -1.020774 1.635593 -1.550485
-2.697111 -1.246838 1.635100 -1.548997
-2.686596 -1.769155 1.635667 -1.549636
-2.680189 -1.845520 1.635789 -1.408700
-2.600607 -2.467541 1.635646 -1.565537
-2.602553 -2.510743 1.635781 -1.562695
-2.598255 -3.234974 1.635189 -1.565651
-2.590598 -4.367502 1.635383 -1.564891
-2.590598 -4.367502 1.853863 -1.564891
-2.590598 -4.367502 1.975383 -1.564891
-2.590598 -4.367502 2.035383 -1.564891
-2.588300 -4.699488 1.935598 -1.563519
-2.587492 -4.849925 1.835609 -1.427612
-2.543736 -5.150195 1.735712 -1.402076
-2.490030 -5.523588 1.635826 -1.405492
-2.403052 -6.131582 1.635561 -1.429874
-2.369852 -6.365449 1.635640 -1.279844
-2.341433 -6.453135 1.635345 -1.291070
-2.308671 -6.547454 1.635839 -1.078536
-2.185555 -6.798113 1.635601 -1.146013
-2.124862 -6.882164 1.635599 -0.940476
-1.942210 -7.121407 1.635756 -0.732892
-1.791966 -7.267787 1.635638 -0.487833
-1.540256 -7.388920 1.635347 -0.532589
-1.485710 -7.415444 1.635606 -0.135175
-1.428230 -7.421869 1.635468 -0.141813
-1.353498 -7.408778 1.635671 0.282148
-1.086974 -7.317212 1.635609 0.661717
-0.912110 -7.177505 1.635413 0.648666
-0.737082 -7.036473 1.635653 1.065676
-0.517683 -6.619575 1.635364 1.131572
-0.487529 -6.552825 1.635625 1.501832
-0.476358 -6.340617 1.755651 1.665056
-0.558809 -6.081846 1.805267 1.806175
-0.587085 -6.001968 1.905630 2.220091
-0.633167 -5.948100 2.005861 2.451765
-0.738384 -5.817292 2.005648 2.580564
-0.937473 -5.704506 2.005660 2.559919
-0.948373 -5.701011 2.005612 2.833186
-1.279978 -5.596486 2.005639 2.837827
-1.576615 -5.524097 2.005459 2.773940
-2.056464 -5.397117 1.705676 2.478811
-2.364264 -5.145950 1.635630 2.033014
-2.433951 -4.999582 1.635627 1.600032
