-5.827711 -3.039548 2.523321 -0.001856 -0.005332 0.182004
-5.431468 -2.887835 2.323315 0.000072 -0.047225 0.378437
-5.138298 -2.680304 2.123173 0.000128 -0.092975 0.663204
-4.958298 -2.380304 2.123173 0.000128 -0.092975 0.663204
-4.751003 -2.111133 2.022667 0.000379 -0.281946 1.108264
-4.668534 -1.972773 1.923331 -0.000698 -0.002799 1.401474
-4.589170 -1.470146 1.622854 0.000639 -0.054657 1.409537
-4.528325 -1.111113 1.523391 0.000115 -0.003370 1.398409
-4.523068 -1.087037 1.523301 0.000257 -0.001829 1.142039
-4.305109 -0.610321 1.522772 -0.000061 -0.226728 1.230303
-4.236721 -0.483054 1.523347 -0.001129 -0.002303 0.855243
-4.123295 -0.364791 1.522921 -0.000526 -0.110367 0.913998
-4.049639 -0.290435 1.523333 -0.000689 -0.000812 0.568738
-3.883532 -0.190393 1.523116 -0.000396 -0.095425 0.615932
-3.844737 -0.168863 1.523320 -0.000201 -0.000943 0.269281
-3.587355 -0.099523 1.522741 -0.000174 -0.166356 0.316243
-3.429224 -0.077067 1.523352 -0.003542 -0.001865 -0.129740
-3.292424 -0.108631 1.522981 -0.000916 -0.096102 -0.134898
-3.205633 -0.123457 1.523336 0.001208 -0.000483 -0.651000
-3.170719 -0.157907 1.523244 -0.000259 0.031393 -0.690855
-3.094084 -0.225006 1.423338 0.001059 -0.000489 -0.963243
-2.956650 -0.427751 1.322786 -0.000273 -0.141708 -1.031764
-2.872756 -0.571171 1.223359 -0.000138 -0.001680 -1.522097
-2.882352 -0.634422 1.123348 -0.000804 0.086580 -1.511195
-2.860208 -1.097289 1.023427 0.007396 -0.024897 -1.667528
-2.874231 -1.119909 1.023618 -0.001231 0.118606 -2.042015
-2.874231 -1.119909 1.023618 -0.001231 0.118606 -2.042015
-2.954972 -1.311905 1.123375 -0.000219 -0.011556 -1.945693
-2.962683 -1.320685 1.223613 -0.000357 0.119197 -2.450497
-3.132378 -1.515618 1.323386 -0.000079 -0.016102 -2.263982
-3.141610 -1.525141 1.423332 -0.000031 -0.001146 -2.522229
-3.355242 -1.676947 1.523454 -0.000035 0.041746 -2.590406
-3.761356 -1.966115 1.523354 -0.000001 -0.001801 -2.519803
-4.091506 -2.201636 1.523362 0.006412 -0.043785 -2.561136
-4.770976 -2.321965 1.523127 -0.000338 -0.174530 -2.642064
-4.855058 -2.330468 1.523497 -0.000808 0.048300 3.002939
-5.465992 -2.300742 1.523378 -0.000307 -0.021410 -3.140301
-5.758856 -2.287405 1.523428 -0.003568 -0.007556 -2.999848
-5.819782 -2.309365 1.523729 0.000357 0.220531 3.053508
-6.106489 -2.419412 1.523426 -0.005360 -0.009019 -2.547477
-6.146636 -2.456250 1.523820 0.000643 0.271554 -3.037470
-6.363131 -2.622531 1.523419 -0.002257 -0.003846 -2.349489
-6.392569 -2.663278 1.523762 0.000305 0.240738 -2.623242
-6.736235 -3.101408 1.522953 0.000078 -0.146620 -2.100639
-6.845801 -3.244634 1.523358 0.000042 -0.001082 -1.921423
-6.917622 -3.439764 1.523407 -0.005436 -0.004316 -1.602717
-6.911473 -3.449624 1.523358 0.000592 -0.000854 -1.607156
-6.928663 -3.963041 1.623193 0.000140 -0.138478 -1.601451
-6.915155 -4.027915 1.723672 0.002459 0.119291 -1.312297
-6.789500 -4.560802 1.823284 0.000473 -0.120069 -1.381017
-6.760184 -4.608616 1.823389 0.002242 -0.003181 -0.913523
-6.626585 -4.771301 1.823396 -0.005232 -0.028137 -0.815530
-6.608706 -4.774580 1.823376 0.001264 -0.001403 -0.462942
-6.408122 -4.853810 1.823376 0.001283 -0.001689 0.305027
-6.099032 -4.754529 1.823337 -0.004985 -0.073049 0.376457
-5.974038 -4.600103 1.823329 -0.009378 -0.048220 1.023632
-5.958302 -4.393153 1.923267 0.000351 -0.071869 1.465899
-5.985957 -4.169822 2.022967 0.000045 -0.052407 1.714277
-6.019781 -3.954274 2.123439 0.000008 -0.001047 1.725150
