-5.165454 -2.915140 2.545143 0.585319
-5.156236 -2.907410 2.549551 0.644089
-5.103934 -2.864176 2.549736 0.794922
-5.103934 -2.864176 2.549736 0.794922
-5.103032 -2.860568 2.549964 0.875023
-5.033451 -2.766576 1.986740 0.942013
-5.031706 -2.764110 1.464026 0.929003
-5.031706 -2.764110 1.464026 0.929003
-4.872396 -2.551179 1.446685 1.081767
-4.814399 -2.434401 1.446561 0.998234
-4.814399 -2.434401 1.446561 0.998234
-4.559177 -1.955864 1.446420 1.081593
-4.434690 -1.723185 1.446491 1.090396
-4.434690 -1.723185 1.446491 1.090396
-4.414310 -1.674520 1.446755 1.116489
-4.292287 -1.361382 1.446411 1.219661
-4.264146 -1.290169 1.446472 1.095357
-4.264146 -1.290169 1.446472 1.095357
-4.258545 -1.282902 1.446451 0.943174
-4.152433 -1.136611 1.446489 0.892361
-4.152433 -1.136611 1.446489 0.892361
-4.144779 -1.130051 1.446456 0.853515
-4.055238 -1.028294 1.446472 0.862723
-4.050772 -1.023343 2.470495 0.853989
-4.049207 -1.022141 2.568509 1.036000
-4.049207 -1.022141 2.568509 1.036000
-4.049687 -1.021346 2.573317 0.805852
-3.983310 -0.972141 2.573419 0.618585
-3.983310 -0.972141 2.573419 0.618585
-3.729293 -0.784367 2.573588 0.387273
-3.585762 -0.727283 2.573376 0.419131
-3.545546 -0.710527 2.573585 0.101116
-3.408193 -0.696480 2.573199 0.112901
-3.408193 -0.696480 2.573199 0.112901
-3.299138 -0.691651 2.573601 -0.215778
-3.060942 -0.750515 2.573520 -0.296171
-3.018610 -0.784534 2.573582 -0.519949
-3.018610 -0.784534 2.573582 -0.519949
-2.928231 -0.847188 2.573580 -0.694058
-2.926552 -0.849856 2.324919 -0.692376
-2.926552 -0.849856 2.324919 -0.692376
-2.926229 -0.850360 2.375031 -0.692419
-2.870528 -0.896602 2.377460 -0.705595
-2.870528 -0.896602 2.377460 -0.705595
-2.864578 -0.905866 2.377852 -1.033096
-2.814669 -1.001473 2.377646 -1.204275
-2.813041 -1.019777 2.377698 -1.314667
-2.794752 -1.100020 2.323737 -1.337891
-2.794752 -1.100020 2.323737 -1.337891
-2.793854 -1.104456 2.180237 -1.314432
-2.793854 -1.104456 2.180237 -1.314432
-2.744203 -1.313389 2.181629 -1.341683
-2.741348 -1.324086 2.181662 -1.459695
-2.741155 -1.327067 2.181661 -1.472782
-2.741125 -1.327636 1.926759 -1.472468
-2.741125 -1.327636 1.926759 -1.472468
-2.739774 -1.341387 1.934800 -1.465725
-2.720040 -1.541357 1.935353 -1.466144
-2.698021 -1.764454 1.935246 -1.474696
-2.698021 -1.764454 1.935246 -1.474696
-2.696450 -1.780373 1.710990 -1.472591
-2.696317 -1.781720 1.354342 -1.472432
-2.680716 -1.939789 1.348184 -1.485871
-2.680716 -1.939789 1.348184 -1.485871
-2.674333 -2.042581 1.348278 -1.622767
-2.690311 -2.330504 1.347856 -1.613041
-2.690311 -2.330504 1.347856 -1.613041
-2.713410 -2.772552 1.348450 -1.629730
-2.726330 -3.021502 1.348341 -1.622108
-2.726330 -3.021502 1.348341 -1.622108
-2.716783 -3.151779 1.348101 -1.484458
-2.683769 -3.545793 1.348382 -1.481764
-2.657896 -3.855306 1.348233 -1.492767
-2.657896 -3.855306 1.348233 -1.492767
-2.612617 -4.397246 1.348279 -1.492776
-2.607979 -4.432541 1.348295 -1.246226
-2.607979 -4.432541 1.348295 -1.246226
-2.499712 -4.752311 1.347839 -1.306377
-2.465447 -4.852627 1.348321 -1.005884
-2.465447 -4.852627 1.348321 -1.005884
-2.280810 -5.079247 1.347851 -0.960588
-2.197471 -5.180935 1.348329 -0.722445
-2.122584 -5.245149 1.348477 -0.632268
-2.122584 -5.245149 1.348477 -0.632268
-1.897136 -5.443345 1.348372 -0.724755
-1.884510 -5.454379 3.059599 -0.722212
-1.884510 -5.454379 3.059599 -0.722212
-1.883405 -5.455346 2.637305 -0.722441
-1.805179 -5.524293 2.590563 -0.761279
-1.744071 -5.578154 2.588579 -0.722588
-1.744071 -5.578154 2.588579 -0.722588
-1.739128 -5.582304 2.588440 -0.556980
-1.642538 -5.642452 2.588128 -0.578804
-1.642538 -5.642452 2.588128 -0.578804
-1.525358 -5.715469 2.588476 -0.557656
-1.517509 -5.720579 2.588440 -0.723253
-1.517509 -5.720579 2.588440 -0.723253
-1.362407 -5.857403 2.588154 -0.721265
-1.178191 -6.019839 2.588509 -0.723232
-1.167888 -6.029762 2.588449 -1.130597
-1.151891 -6.075044 2.588907 -1.089392
-1.151891 -6.075044 2.588907 -1.089392
-1.071132 -6.305362 2.141821 -1.242095
-1.069575 -6.309828 1.895478 -1.232853
-1.010032 -6.479051 1.888106 -1.256103
-1.000960 -6.504833 1.887850 -1.232754
-1.000960 -6.504833 1.887850 -1.232754
-0.999296 -6.509562 1.887822 -1.232482
-0.999296 -6.509562 1.887822 -1.232482
-0.999296 -6.509562 1.887822 -1.232482
