0.28

24 0 0 0 0 0 0
23 0 0 0 0 0 0
22 -0.559 -8.289 0.74 0 -1.03 -1.5708
21 -2.201 -4.003 2.293 0 -1.5708 0
20 0.293 -7.471 2.131 0 -1.5708 0
19 -3.045 -5.939 1.935 0 -1.5708 0
18 -1.712 -6.690 0.496 0 0 0
17 -3.902000 -3.178000 1.650000 0 -1.5708 0
16 -3.094000 -4.474000 1.650000 3.1416 -1.5708 0
15 -7.694000 -2.223000 2.208000 3.1416 -1.5708 0
14 -2.88400 -4.091000 2.215000 -1.5708 -1.5708 0
13 -2.110000 -3.967000 1.510000 1.570796 0 -1.5708
12 -3.128 0.72 1.83 1.5708 -1.5708 0
11 -3.338000 -3.071000 1.990000 -1.5708 -1.5708 0
10 -1.614000 -4.29500 1.800000 1.5708 -1.5708 0
9 -1.435000 -8.478000 1.800000 -1.5708 -1.5708 0
8 0.294000 -5.820000 1.872000 0 -1.5708 0
7 -2.101000 -1.051000 1.5870000 0 -1.5708 0
6 -3.535000 -3.062500 1.400000 -1.5708 -1.5708 0
5 -0.839 -0.497 1.700000 0 -1.5708 0
4 -4.549000 0.727000 1.700000 1.5708 -1.5708 0
3 -2.103000 -1.589000 2.006000 0 -1.5708 0
2 -3.304000 -4.474000 1.650000 0 -1.5708 0
1 -2.583000 -8.289000 0.740000 0 -1.03 -1.5708
0 -3.817000 0.700000 1.120000 1.5708 -1.5708 0


#0.63
#-1.5708
#3.14159
#x e y cambiados????
