0.28

31 2 2 0 0 -0 0
30 2 2 0 0 -0 0
29 2 2 0 0 -0 0
28 -4.62832 -0.431263 0.491895 0.888007 0.004104 0
27 2 2 0 0 -0 0
26 2 2 0 0 -0 0
25 2 2 0 0 -0 0
24 2 2 0 0 -0 0
23 -2.15869 -6.23805 0.109419 -0.788117 0.051906 -0.052114
22 -0.559 -8.289 0.74 0 -1.03 -1.5708
21 -2.201 -4.003 2.293 2.36727 -1.57079 3.14057
20 0.293 -7.471 2.131 3.14159 -1.57079 3.14159
19 -3.01927 -5.98086 1.935 -2.51948 -1.57079 -3.13788
18 -1.53973 -6.69 0.496 3.14159 0.003459 3.14159
17 -3.902 -3.178 1.65 3.14159 -1.57079 3.14159
16 -3.094 -4.474 1.65 7e-06 -1.57079 -3.14159
15 -7.694 -2.223 2.208 7e-06 -1.57079 -3.14159
14 -2.884 -4.091 2.215 1.57079 -1.57079 3.14159
13 -2.11 -3.543 1.51 3.14159 -1.57079 3.14159
12 -3.128 0.72 1.83 -1.57079 -1.57079 3.14159
11 -3.338 -3.071 1.99 1.57079 -1.57079 3.14159
10 -1.614 -4.295 1.8 -1.57079 -1.57079 3.14159
9 -1.435 -8.478 1.8 1.57079 -1.57079 3.14159
8 0.294 -5.82 1.872 3.14159 -1.57079 3.14159
7 -2.101 -1.051 1.587 3.14159 -1.57079 3.14159
6 -3.535 -3.0625 1.4 1.57079 -1.57079 3.14159
5 -0.839 -0.497 1.7 3.14159 -1.57079 3.14159
4 -4.549 0.727 1.7 -1.57079 -1.57079 3.14159
3 -2.10211 -1.65816 1.70422 0.34166 -1.5454 -0.344272
2 -3.304 -4.474 1.65 3.14159 -1.57079 3.14159
1 -2.583 -8.289 0.74 0 -1.03 -1.5708
0 -3.817 0.7 1.12 -1.57079 -1.57079 3.14159


#0.63
#-1.5708
#3.14159
#x e y cambiados????
