0.105

17 -3.902000 -3.178000 1.650000 1.570796 0 3.14159
16 -3.065000 -4.474000 1.650000 1.570796 0 0
15 -7.694000 -2.223000 2.208000 1.570796 0 0
14 -2.620000 -4.091000 2.215000 1.570796 0 -1.5708
13 -2.110000 -3.967000 1.510000 1.570796 0 3.14159
12 -3.128000 0.720000 1.830000 1.570796 0 1.5708
11 -0.940000 -4.096000 1.700000 1.570796 0 -1.5708
10 -1.614000 -4.29500 1.800000 1.570796 0 1.5708
9 -1.435000 -8.478000 1.800000 1.570796 0 -1.5708
8 0.294000 -5.820000 1.872000 1.570796 0 3.14159
7 0.296000 -2.487000 1.650000 1.570796 0 3.14159
6 -3.535000 -3.062500 1.400000 1.570796 0 -1.5708
5 -1.512600 -0.691000 1.700000 1.570796 0 -1.5708
4 -4.549000 0.727000 1.700000 1.570796 0 1.5708
3 -2.103000 -1.334000 1.650000 1.570796 0 3.14159
2 -3.304000 -4.474000 1.650000 1.570796 0 3.14159
1 -5.641000 -6.075000 1.700000 1.570796 0 -1.5708
0 -8.893000 -4.568000 1.500000 1.570796 0 0

