0.105

17 -3.178000 -3.902000 1.650000 1.570796 0 0
16 -4.474000 -3.065000 1.650000 1.570796 0 0
15 -2.223000 -7.6940002.208000 1.570796 0 0
14 -4.091000 -2.620000 2.215000 1.570796 0 0
13 -3.967000 -2.110000 1.510000 1.570796 0 0
12 0.720000 -3.128000 1.830000 1.570796 0 3.14159
11 -4.096000 -0.940000 1.700000 1.570796 0 0
10 -4.29500 -1.614000 1.800000 1.570796 0 0
9 -8.478000 -1.435000 1.800000 1.570796 0 0
8 -5.820000 0.294000 1.872000 1.570796 0 0
7 -2.487000 0.296000 1.650000 1.570796 0 0
6 -3.062500 -3.535000 1.400000 1.570796 0 0
5 -0.691000 -1.512600 1.700000 1.570796 0 0
4 0.727000 -4.549000 1.700000 1.570796 0 3.14159
3 -1.334000 -2.103000 1.650000 1.570796 0 0
2 -4.474000 -3.304000 1.650000 1.570796 0 0
1 -6.075000 -5.641000 1.700000 1.570796 0 0
0 -4.568000 -8.893000 1.500000 1.570796 0 0


#-1.5708
#3.14159
#x e y cambiados????
