0.28

0 -3.19003 0.723016 1.84585 1.58024 -0 0
1 -3.79959 0.734687 1.27061 1.56834 -0 0
2 -1.7259 0.724461 1.47967 1.57188 -0 0
3 -3.29507 -4.61007 1.6241 0 -1.53132 0
4 -3.51421 -3.07148 1.82787 -1.56469 0 0
5 -3.90332 -3.22833 1.67699 0 -1.53884 0
6 -1.95081 -2.76803 1.52037 -0.620369 -1.56567 0
7 -3.10185 -5.27566 1.17071 0 1.55949 0
8 -2.15098 -6.53228 0.5251 -0.879491 0 0
9 -1.23922 -8.47292 1.85072 -1.55659 0 0
10 0.302357 -7.85649 1.57316 0 -1.55006 0
11 -2.09605 -1.02319 1.96487 0 -1.55113 0
12 -2.18504 -4.00404 2.19367 -2.21549 -1.51916 1.47011
13 -0.874618 -0.574596 1.28034 -0.328382 -1.41885 -0.09822
14 -2.48479 -8.30066 0.732981 -1.0628 0 0
15 0.291319 -5.31726 1.65513 0 -1.55559 0
16 5.10948 0.16148 0 0 -0 0
17 -1.37962 -4.30216 1.36858 1.57346 -0 0
18 -3.09629 -3.84297 1.43623 0 1.55626 0
19 0.296544 -6.78662 1.76154 0 -1.56973 0
